SSTTB1
5.0,0,16
14.0,1,3
25.0,1,2
27.0,0,23
29.8,1,1
30.0,0,38
32.0,0,24
49.5,1,5
74.1,2,71
90.0,0,23
95.0,0,24
95.3,1,6
105.0,0,26
115.0,1,2
120.0,0,21
120.2,1,1
133.5,1,7
134.0,0,39
134.2,0,51
134.4,0,35
134.6,0,15
134.8,0,2
135.0,1,17
135.2,1,8
100000000.0,0,0
SSTTB2
0.2,1,16
0.4,2,30
5.4,2,9
8.9,2,11
9.1,1,10
9.3,0,1
9.7,1,13
9.9,1,9
100000000.0,0,0
SSTTB3
0.2,2,48
0.5,2,24
0.7,1,15
0.8,0,33
0.9,2,31
1.0,2,20
1.1,2,19
1.4,2,33
1.5,0,28
1.6,0,48
1.8,2,49
3.0,2,12
6.2,2,60
6.4,2,88
6.7,2,25
6.9,2,59
7.7,2,6
11.1,0,17
11.3,2,104
27.6,0,107
30.7,2,23
36.4,0,52
36.6,0,66
61.4,0,22
125.0,2,30
130.0,2,9
191.4,0,4
197.6,0,23
202.6,0,24
212.7,2,90
225.0,2,30
230.0,2,9
320.0,2,7
325.4,0,23
330.4,0,24
330.8,3,54
331.0,2,8
331.2,0,39
331.6,2,71
331.6,2,3
332.0,2,42
100000000.0,0,0
SSTTB4
0.0,2,18
0.1,2,66
0.2,3,83
0.3,3,13
0.5,3,10
0.6,3,23
0.7,3,56
0.8,2,5
1.0,3,9
1.2,0,31
1.3,0,74
1.6,0,9
1.8,0,11
2.2,3,59
3.8,3,103
4.0,3,11
4.2,3,27
5.8,3,68
10.3,3,55
12.8,3,57
16.1,3,88
16.3,3,73
18.9,0,17
22.4,0,23
27.4,0,24
31.8,3,48
36.8,3,49
105.3,3,91
100000000.0,0,0
SSTTB5
0.1,3,12
0.2,3,98
0.3,3,42
0.4,3,101
0.6,0,43
0.7,3,69
1.0,3,82
1.1,3,104
1.3,3,79
1.5,3,24
3.3,0,12
3.5,0,75
3.9,3,29
10.0,0,18
10.2,0,53
22.2,3,47
59.0,3,111
59.1,3,107
59.6,0,23
60.7,3,83
61.0,3,112
61.1,3,108
64.6,0,24
88.0,3,43
88.1,3,102
88.3,0,46
102.5,0,19
187.5,0,3
500.0,3,8
602.6,3,25
2450.3,0,23
2455.5,0,24
2600.0,3,28
2648.0,3,29
5000.0,3,7
5400.0,3,28
5448.0,3,29
10248.0,3,28
10248.2,3,58
10258.0,3,22
10980.0,3,29
100000000.0,0,0
SSTTB6
0.2,3,42
0.3,3,101
0.5,0,43
0.8,3,84
1.0,3,95
2.2,3,39
2.8,3,78
3.0,3,96
6.0,3,58
11.0,3,22
21.0,3,82
215.5,0,23
220.5,0,24
221.5,3,46
257.0,3,3
307.2,3,17
316.2,3,83
317.0,0,80
325.6,3,13
325.8,3,10
326.0,3,81
326.2,3,59
326.4,3,23
326.8,3,4
327.0,3,9
327.8,0,9
328.0,0,11
330.0,3,43
330.1,3,102
330.3,0,46
334.6,0,74
334.8,0,31
335.0,3,16
335.2,3,103
335.6,3,27
337.6,3,32
340.0,3,18
592.5,3,46
627.4,3,91
652.6,3,97
683.0,0,5
100000000.0,0,0
SSTTB7
0.1,3,12
0.2,3,105
0.3,3,98
0.4,3,111
0.5,3,107
0.8,3,33
1.0,3,104
1.1,3,82
1.5,3,8
1.6,3,21
3.3,0,75
3.5,0,12
3.7,3,29
13.0,3,95
15.0,3,96
60.5,3,83
60.7,3,92
120.0,3,99
123.0,3,84
125.0,3,78
180.0,0,6
100000000.0,0,0
SSTTB4A
0.1,2,18
0.2,3,54
0.3,2,8
0.4,3,13
0.5,3,10
0.6,2,71
0.7,0,39
1.1,2,66
1.4,3,83
1.6,3,56
1.7,2,5
5.0,3,103
5.2,3,23
5.7,3,9
5.9,0,31
6.1,0,74
6.5,0,9
6.7,0,11
6.9,3,59
8.7,3,11
10.3,3,27
10.5,3,68
10.7,3,55
13.9,3,57
17.1,3,88
17.3,3,73
18.7,3,16
22.0,0,17
22.9,3,48
23.2,0,23
23.4,3,62
28.0,0,107
28.2,0,24
28.4,3,63
28.7,3,50
28.9,3,47
199.7,3,48
200.0,0,23
200.2,3,62
205.0,0,24
205.7,3,47
305.7,3,69
408.7,0,5
467.7,3,97
100000000.0,0,0
SSTTB3A
0.1,2,58
0.3,2,56
-1.0,0,0
SSTS4C1
0.0,3,12
-1.0,0,0
SSTTB6A
0.2,3,111
0.4,3,107
2.2,3,112
2.4,3,108
-1.0,0,0
SSTTB6B
0.2,3,42
0.3,3,101
0.5,0,43
-1.0,0,0
SSTTB6C
0.1,3,4
0.2,3,81
0.4,0,81
0.6,3,87
1.0,3,111
1.1,3,107
1.2,3,43
1.3,3,102
1.4,3,59
1.5,0,46
1.6,3,23
1.8,3,83
2.0,3,29
2.2,3,60
2.4,3,86
3.0,3,112
3.1,3,108
5.2,3,61
6.7,3,74
9.7,3,75
9.9,0,68
-1.0,0,0
SSTGSS
0.0,0,0
-1.0,0,0
SSTSIVA
0.1,3,24
-1.0,0,0
SSTSIVB
0.0,3,12
-1.0,0,0
SSTECS1
0.1,0,108
-1.0,0,0
SSTECSV
0.1,0,107
-1.0,0,0
SSTSBHI
0.1,0,63
-1.0,0,0
SSTSBLO
0.1,0,65
-1.0,0,0
SSTSBOM
0.1,0,64
-1.0,0,0
SSTTB5A
10500.0,3,28
10980.0,3,29
-1.0,0,0
SSTTB5B
15600.0,3,28
16080.0,3,29
-1.0,0,0
SSTGAIN
60.0,0,23
60.5,3,62
61.4,3,63
65.0,0,24
-1.0,0,0
SSTTB7A
0.2,0,44
0.4,0,29
0.6,3,19
0.8,0,82
1.0,3,61
1.2,3,75
-1.0,0,0
END